1.61134 4.88596
1.58684 4.90842
1.49014 5.01781
1.5443 4.97421
1.78788 5.17707
1.99351 5.2391
1.98833 5.25331
1.99906 5.31002
1.92042 5.30795
1.92757 5.30907
1.99862 5.44755
1.99902 5.45651
1.99096 5.46054
1.99064 5.47355
1.9995 5.47873
1.75689 5.60362
1.74262 5.6501
1.74262 5.6501
1.73819 5.67753
1.73401 5.65271
1.76818 5.72768
1.60996 5.70197
1.59477 5.71722
1.58341 5.72434
1.60719 5.72814
1.61649 5.74286
1.61133 5.74354
2 5.88512
1.98452 5.90046
2 5.88141
1.98279 5.90877
1.96689 5.89929
1.96435 5.91893
1.94979 5.96466
1.9314 5.94279
1.85655 5.95057
1.85655 5.95057
1.8521 5.94443
1.85855 5.95987
1.8567 5.97278
1.8524 5.95646
1.83046 5.99362
1.83046 5.99362
1.82847 5.98549
1.80219 5.97447
1.77331 5.9947
1.78243 5.97095
1.78337 6.00881
1.77868 5.99716
1.76145 6.03561
1.75464 6.02153
1.74855 6.03918
1.75464 6.02153
1.98953 6.09924
1.99571 6.11054
1.98848 6.10408
1.98056 6.12016
1.97861 6.09583
1.8723 6.10015
1.92214 6.08873
1.90903 6.0862
1.90491 6.08663
1.79059 6.06037
1.77023 6.06674
1.73379 6.06594
1.73134 6.04208
1.72254 6.08945
1.65338 6.05858
1.69764 6.05588
1.64157 6.04079
1.65367 6.06459
0.999067 5.10023
1.60886 6.06654
1.57358 6.04728
0.995614 5.09728
1.60991 6.05487
1.64869 6.06213
1.64869 0.229283
1.60991 0.23288
1.49423 0.414745
1.57358 0.245402
1.60886 0.229593
1.49748 0.408107
1.65367 0.230461
1.64157 0.251524
1.69764 0.236708
1.65338 0.23484
1.72254 0.200811
1.73134 0.244588
1.73379 0.237258
1.77023 0.22618
1.79059 0.231796
1.90491 0.204599
1.90903 0.202399
1.92214 0.20395
1.8723 0.19123
1.97861 0.191429
1.98056 0.168562
1.98848 0.186058
1.99571 0.176698
1.98953 0.193714
1.75464 0.273151
1.74855 0.255225
1.75464 0.273151
1.76145 0.256061
1.77868 0.292006
1.78337 0.28036
1.78243 0.323956
1.77331 0.305021
1.80219 0.318656
1.82847 0.307727
1.83046 0.293485
1.83046 0.293485
1.8524 0.330351
1.8567 0.313379
1.85855 0.324903
1.8521 0.34523
1.85655 0.336211
1.85655 0.336211
1.9314 0.348076
1.94979 0.325356
1.96435 0.37367
1.96689 0.388337
1.98279 0.377082
2 0.407308
1.98452 0.382725
2 0.413323
1.61133 0.559634
1.61649 0.540321
1.60719 0.566508
1.58341 0.5747
1.59477 0.590841
1.60996 0.59073
1.76818 0.568506
1.73401 0.630473
1.73819 0.605658
1.74262 0.640163
1.74262 0.640163
1.75689 0.682094
1.9995 0.809254
1.99064 0.81384
1.99096 0.82642
1.99902 0.828978
1.99862 0.83997
1.92757 0.977826
1.92042 0.976573
1.99906 0.977466
1.98833 1.04661
1.99351 1.0505
1.78788 1.1257
1.5443 1.31692
1.49014 1.30082
1.58684 1.39902
1.61134 1.40588
1.59975 1.41617
1.5721 1.46982
1.54069 1.4826
1.48398 1.49218
1.48523 1.54224
1.48218 1.5502
1.44927 1.55855
1.42218 1.58132
1.41624 1.59997
1.41624 1.59997
1.42218 1.59369
1.44803 1.59264
1.47588 1.6238
1.48322 1.62581
1.48761 1.65833
1.53946 1.69086
1.57243 1.69992
1.59875 1.73226
1.62143 1.73002
1.57417 1.81329
1.49863 1.87258
1.52889 1.85515
1.76744 2.01053
1.99174 2.10138
1.98569 2.09972
1.99912 2.15504
1.92397 2.16972
1.92156 2.16795
1.99909 2.30679
1.99904 2.30308
1.99092 2.32616
1.9913 2.32728
1.9995 2.33666
1.75369 2.49217
1.7313 2.51434
1.7313 2.51434
1.66625 2.37867
1.73801 2.52155
1.76077 2.59496
1.63754 2.58466
1.59287 2.58158
1.58481 2.57944
1.62848 2.59779
1.62263 2.60421
1.61314 2.6063
2 2.79811
1.98477 2.75655
2 2.74485
1.98309 2.75778
1.96387 2.76964
1.96474 2.80873
1.9531 2.78364
1.93078 2.77623
1.86731 2.79116
1.86731 2.79116
1.86095 2.81593
1.85969 2.80807
1.86617 2.81267
1.84476 2.82962
1.83372 2.8659
1.83372 2.8659
1.82228 2.83486
1.80111 2.88782
1.77668 2.8447
1.7738 2.87359
1.78344 2.87314
1.78454 2.85917
1.76318 2.86243
1.75848 2.88088
1.74502 2.89594
1.75848 2.88088
1.99131 2.99834
1.9953 2.94673
1.98884 3.03082
1.98154 2.98484
1.97943 2.96795
1.87026 2.93113
1.90828 2.92066
1.91061 2.94531
1.9009 2.97441
1.80671 2.95244
1.76598 2.91706
1.73518 2.92007
1.73222 2.90698
1.72703 2.89755
1.66233 2.92339
1.65211 2.91077
1.63474 2.90072
1.65508 2.8947
1.59229 2.89495
1.60771 2.92066
1.58934 2.88526
1.50097 2.73596
1.60817 2.91687
1.6478 2.91743
1.6478 3.36805
1.60817 3.37362
0.999604 4.34396
1.58243 3.39394
1.60771 3.37359
1.59229 3.39624
1.65508 3.40254
1.63474 3.3948
1.65211 3.37962
1.66233 3.3635
1.72703 3.40558
1.73222 3.38947
1.73518 3.37319
1.76598 3.36613
1.80671 3.34557
1.9009 3.31958
1.91061 3.3406
1.90828 3.3699
1.87026 3.35491
1.97943 3.32332
1.98154 3.30201
1.98884 3.25566
1.9953 3.3391
1.99131 3.29387
1.75848 3.40846
1.74502 3.3964
1.75848 3.40846
1.76318 3.42376
1.78454 3.43504
1.78344 3.41358
1.7738 3.42278
1.77668 3.44305
1.80111 3.40638
1.82228 3.45756
1.83372 3.42469
1.83372 3.42469
1.84476 3.45912
1.86617 3.47619
1.85969 3.47831
1.86095 3.47416
1.86731 3.50329
1.86731 3.50329
1.93078 3.51504
1.9531 3.50508
1.96474 3.47606
1.96387 3.51821
1.98309 3.52964
2 3.54288
1.98477 3.53408
2 3.49233
1.61314 3.68596
1.62263 3.69703
1.62848 3.69705
1.58481 3.71357
1.59287 3.73243
1.63754 3.7231
1.76077 3.69753
1.73801 3.76445
1.1647 4.70225
1.7313 3.77979
1.7313 3.77979
1.75369 3.79784
1.9995 3.95121
1.9913 3.95701
1.99092 3.95796
1.99904 3.98086
1.99909 3.97854
1.92156 4.1189
1.92397 4.11732
1.99912 4.12961
1.98569 4.19652
1.99174 4.20165
1.76744 4.28493
1.52889 4.43551
1.49863 4.43297
1.57417 4.49426
1.62143 4.57525
1.59875 4.56427
1.57243 4.61003
1.53946 4.63686
1.48761 4.6394
1.48322 4.69116
1.47588 4.68475
1.44803 4.70657
1.42218 4.72292
1.41624 4.74157
1.41624 4.74157
1.42218 4.73528
1.44927 4.74774
1.48218 4.75879
1.48523 4.77486
1.48398 4.8104
1.54069 4.8139
1.5721 4.82487
1.59975 4.88544